# Objetos agregados a WIRED_Zona1_Blockout despues del commit deeb0df2 (2026-09-11),
# es decir todo lo que entro con el pase de arte de GianPulice (a8432221..f9460b54) y despues.
# Generado comparando el YAML de la escena. Una id por linea:
# - id de PrefabInstance para props instanciados desde un prefab
# - id de GameObject para objetos sueltos de la escena
# Lo lee NavMeshLayerFixer para tocar SOLO lo nuevo.
1010374144
1027980348
1029064021
104790517
1054182710
1058561118
1079514144
1116046207
1117802287
1119951364
1125896568
1132847758
1133099284
1156628840
116543968
1186162873
1189539651
122877896
123016593
1232346314
123776185
1244037654
1257184666
1263479750
1268991593
1284795477
1286122116
1294728240
1295781387
1308760026
1329098301
1350018266
1354353761
1356301689
1356806087
1370619400
137692563
1402182254
1411459682
1422370368
1423640589
1444222859
1500173926
154535450
1560793409
158236199
1586718936
1601660785
1630187021
1657382719
1658649664
1672556235
1684158247
1691565961
1693411178
1695857707
1726119736
1726119737
1730964623
1738693566
1746101221
175202149
1781030296
1792088585
1793893722
18004325
1800543163
1812360749
1823994975
1825283796
1838433913
1838433914
1845871715
1847507522
1860494607
1879431444
1905699746
1931782577
1942198359
1946518716
1956981635
1960406956
1971749270
1983157956
1989478347
2024442239
2028648392
2041236515
2041641149
2046442005
2079112822
211915617
226875933
227192870
229682777
235746995
235746996
236177157
259697098
263207956
266389522
284130706
292372844
29643668
298855750
308237639
317645713
325469341
334958371
343823080
344427171
349733886
357246420
377753454
380023215
39376481
39376482
416454231
419813318
419813319
439274922
442050590
451055689
466113961
496193618
50235514
504134232
527888881
556095993
5757845663
5764738577963887130
582379190
594962362
61323099
618550758
622402131
640557407
646250092
654024188
660069869
668710927
687256341
710000001
710000003
710000005
710000007
710000201
710000211
710000221
710000231
710000241
765244346
770072195
784258235
800921580
816701198
837009674
844528779
84823278
866111640
867432592
87352283
891323385
892421411
893592212
911006202
927041330
937282659
94543518
948985769
957384538
972768636
996922560
